 0          25  0 10 12  4      118   0   3  6  3         425
 1          35  1 10 12  4       80   0   3  6  3         435
 2          45  2 10 12  4      105   1   3  6  0         145
 3          55  3 10 12  4      103   1   3  6  0         155
 4          65  4 10 12  4      143   1   3  6  0         165
 5          75  5 10 12  4      118   0   3  6  3         475
 6          85  6 10 12  4       80   0   3  6  3         485
 7          95  7 10 12  4      105   1   3  6  0         195
 8         105  8 10 12  4      103   1   3  6  0         205
 9         115  9 10 12  4      143   1   3  6  0         215
 0         425  0 10 12  4      114   0   3  6  6        1125
 1         435  1 10 12  4       75   0   3  6  6        1135
 5         475  5 10 12  4      114   0   3  6  6        1175
 6         485  6 10 12  4       75   0   3  6  6        1185
 0        1125  0 10 12  4      119   0   3  6  6        1825
 1        1135  1 10 12  4       79   0   3  6  6        1835
 5        1175  5 10 12  4      119   0   3  6  6        1875
 6        1185  6 10 12  4       79   0   3  6  6        1885
 0        1825  0 10 12  4      119   0   3  6  6        2525
 1        1835  1 10 12  4       80   0   3  6  6        2535
 5        1875  5 10 12  4      119   0   3  6  6        2575
 6        1885  6 10 12  4       80   0   3  6  6        2585
 0        2525  0 10 12  4      120   0   3  6  6        3225
 1        2535  1 10 12  4       75   0   3  6  6        3235
 5        2575  5 10 12  4      120   0   3  6  6        3275
 6        2585  6 10 12  4       75   0   3  6  6        3285
 0        3225  0 10 12  4      113   0   3  6  6        3925
 1        3235  1 10 12  4       80   0   3  6  6        3935
 5        3275  5 10 12  4      113   0   3  6  6        3975
 6        3285  6 10 12  4       80   0   3  6  6        3985
 0        3925  0 10 12  4      116   0   3  6  6        4625
 1        3935  1 10 12  4       77   0   3  6  6        4635
 5        3975  5 10 12  4      116   0   3  6  6        4675
 6        3985  6 10 12  4       77   0   3  6  6        4685
 0        4625  0 10 12  4      114   0   3  6  6        5325
 1        4635  1 10 12  4       78   0   3  6  6        5335
 5        4675  5 10 12  4      114   0   3  6  6        5375
 6        4685  6 10 12  4       78   0   3  6  6        5385
