10          25  0 10 12  4      118
10          35  1 10 12  4       80
10          45  2 10 12  4      105
10          55  3 10 12  4      103
10          65  4 10 12  4      143
10          75  5 10 12  4      118
10          85  6 10 12  4       80
10          95  7 10 12  4      105
10         105  8 10 12  4      103
10         115  9 10 12  4      143
10         145  2 10 12  4      102
10         155  3 10 12  4      100
10         165  4 10 12  4      145
10         195  7 10 12  4      102
10         205  8 10 12  4      100
10         215  9 10 12  4      145
10         245  2 10 12  4      104
10         255  3 10 12  4       99
10         265  4 10 12  4      138
10         295  7 10 12  4      104
10         305  8 10 12  4       99
10         315  9 10 12  4      138
10         345  2 10 12  4       96
10         395  7 10 12  4       96
10         425  0 10 12  4      114
10         435  1 10 12  4       77
10         475  5 10 12  4      114
10         485  6 10 12  4       77
10         655  3 10 12  4      101
10         665  4 10 12  4      143
10         705  8 10 12  4      101
10         715  9 10 12  4      143
10         745  2 10 12  4      105
10         755  3 10 12  4      100
10         765  4 10 12  4      136
10         795  7 10 12  4      105
10         805  8 10 12  4      100
10         815  9 10 12  4      136
10         845  2 10 12  4       95
10         855  3 10 12  4      100
10         895  7 10 12  4       95
10         905  8 10 12  4      100
10         955  3 10 12  4      101
10        1005  8 10 12  4      101
10        1055  3 10 12  4      100
10        1105  8 10 12  4      100
10        1125  0 10 12  4      112
10        1135  1 10 12  4       80
10        1155  3 10 12  4      100
10        1165  4 10 12  4      143
10        1175  5 10 12  4      112
10        1185  6 10 12  4       80
10        1205  8 10 12  4      100
10        1215  9 10 12  4      143
10        1245  2 10 12  4      102
10        1255  3 10 12  4      103
10        1265  4 10 12  4      136
10        1295  7 10 12  4      102
10        1305  8 10 12  4      103
10        1315  9 10 12  4      136
10        1345  2 10 12  4       97
10        1355  3 10 12  4      100
10        1395  7 10 12  4       97
10        1405  8 10 12  4      100
10        1455  3 10 12  4      103
10        1505  8 10 12  4      103
10        1555  3 10 12  4      102
10        1605  8 10 12  4      102
10        1655  3 10 12  4      102
10        1665  4 10 12  4      146
10        1705  8 10 12  4      102
10        1715  9 10 12  4      146
10        1745  2 10 12  4      105
10        1755  3 10 12  4       99
10        1765  4 10 12  4      150
10        1795  7 10 12  4      105
10        1805  8 10 12  4       99
10        1815  9 10 12  4      150
10        1825  0 10 12  4      115
10        1835  1 10 12  4       78
10        1845  2 10 12  4      101
10        1865  4 10 12  4      147
10        1875  5 10 12  4      115
10        1885  6 10 12  4       78
10        1895  7 10 12  4      101
10        1915  9 10 12  4      147
10        1945  2 10 12  4      104
10        1965  4 10 12  4      142
10        1995  7 10 12  4      104
10        2015  9 10 12  4      142
10        2045  2 10 12  4       98
10        2065  4 10 12  4      131
10        2095  7 10 12  4       98
10        2115  9 10 12  4      131
10        2155  3 10 12  4      103
10        2205  8 10 12  4      103
10        2255  3 10 12  4      103
10        2305  8 10 12  4      103
10        2355  3 10 12  4      100
10        2405  8 10 12  4      100
10        2445  2 10 12  4      104
10        2455  3 10 12  4      103
10        2465  4 10 12  4      144
10        2495  7 10 12  4      104
10        2505  8 10 12  4      103
10        2515  9 10 12  4      144
10        2525  0 10 12  4      113
10        2535  1 10 12  4       77
10        2545  2 10 12  4      100
10        2555  3 10 12  4      103
10        2565  4 10 12  4      144
10        2575  5 10 12  4      113
10        2585  6 10 12  4       77
10        2595  7 10 12  4      100
10        2605  8 10 12  4      103
10        2615  9 10 12  4      144
10        2655  3 10 12  4       99
10        2665  4 10 12  4      143
10        2705  8 10 12  4       99
10        2715  9 10 12  4      143
10        2765  4 10 12  4      136
10        2815  9 10 12  4      136
10        2945  2 10 12  4       97
10        2995  7 10 12  4       97
10        3055  3 10 12  4       99
10        3105  8 10 12  4       99
10        3165  4 10 12  4      148
10        3215  9 10 12  4      148
10        3225  0 10 12  4      110
10        3235  1 10 12  4       79
10        3265  4 10 12  4      140
10        3275  5 10 12  4      110
10        3285  6 10 12  4       79
10        3315  9 10 12  4      140
10        3645  2 10 12  4      105
10        3665  4 10 12  4      144
10        3695  7 10 12  4      105
10        3715  9 10 12  4      144
10        3745  2 10 12  4      104
10        3755  3 10 12  4      100
10        3765  4 10 12  4      146
10        3795  7 10 12  4      104
10        3805  8 10 12  4      100
10        3815  9 10 12  4      146
10        3845  2 10 12  4      100
10        3855  3 10 12  4      103
10        3865  4 10 12  4      147
10        3895  7 10 12  4      100
10        3905  8 10 12  4      103
10        3915  9 10 12  4      147
10        3925  0 10 12  4      111
10        3935  1 10 12  4       80
10        3955  3 10 12  4      103
10        3965  4 10 12  4      144
10        3975  5 10 12  4      111
10        3985  6 10 12  4       80
10        4005  8 10 12  4      103
10        4015  9 10 12  4      144
10        4055  3 10 12  4      102
10        4065  4 10 12  4      130
10        4105  8 10 12  4      102
10        4115  9 10 12  4      130
10        4155  3 10 12  4      100
10        4205  8 10 12  4      100
10        4245  2 10 12  4       95
10        4255  3 10 12  4      103
10        4295  7 10 12  4       95
10        4305  8 10 12  4      103
10        4355  3 10 12  4       99
10        4405  8 10 12  4       99
10        4465  4 10 12  4      133
10        4515  9 10 12  4      133
10        4625  0 10 12  4      115
10        4635  1 10 12  4       78
10        4675  5 10 12  4      115
10        4685  6 10 12  4       78
10        4755  3 10 12  4       99
10        4805  8 10 12  4       99
10        4945  2 10 12  4       95
10        4995  7 10 12  4       95
10        5165  4 10 12  4      142
10        5215  9 10 12  4      142
10        5265  4 10 12  4      136
10        5315  9 10 12  4      136
10        5325  0 10 12  4      116
10        5335  1 10 12  4       75
10        5375  5 10 12  4      116
10        5385  6 10 12  4       75
10        5455  3 10 12  4      100
10        5505  8 10 12  4      100
10        5555  3 10 12  4      102
10        5605  8 10 12  4      102
10        5645  2 10 12  4       95
10        5655  3 10 12  4      102
10        5665  4 10 12  4      146
10        5695  7 10 12  4       95
10        5705  8 10 12  4      102
10        5715  9 10 12  4      146
10        5755  3 10 12  4      100
10        5765  4 10 12  4      135
10        5805  8 10 12  4      100
10        5815  9 10 12  4      135
10        5855  3 10 12  4      102
10        5905  8 10 12  4      102
10        5955  3 10 12  4      102
10        6005  8 10 12  4      102
10        6025  0 10 12  4      117
10        6035  1 10 12  4       80
10        6055  3 10 12  4      100
10        6075  5 10 12  4      117
10        6085  6 10 12  4       80
10        6105  8 10 12  4      100
10        6155  3 10 12  4      102
10        6165  4 10 12  4      150
10        6205  8 10 12  4      102
10        6215  9 10 12  4      150
10        6255  3 10 12  4      102
10        6265  4 10 12  4      150
10        6305  8 10 12  4      102
10        6315  9 10 12  4      150
10        6345  2 10 12  4      101
10        6355  3 10 12  4      100
10        6365  4 10 12  4      140
10        6395  7 10 12  4      101
10        6405  8 10 12  4      100
10        6415  9 10 12  4      140
10        6445  2 10 12  4      104
10        6455  3 10 12  4      102
10        6495  7 10 12  4      104
10        6505  8 10 12  4      102
10        6545  2 10 12  4      102
10        6555  3 10 12  4      102
10        6595  7 10 12  4      102
10        6605  8 10 12  4      102
10        6645  2 10 12  4       96
10        6655  3 10 12  4      101
10        6695  7 10 12  4       96
10        6705  8 10 12  4      101
10        6725  0 10 12  4      120
10        6735  1 10 12  4       76
10        6755  3 10 12  4      101
10        6765  4 10 12  4      139
10        6775  5 10 12  4      120
10        6785  6 10 12  4       76
10        6805  8 10 12  4      101
10        6815  9 10 12  4      139
10        6855  3 10 12  4       99
10        6905  8 10 12  4       99
10        7045  2 10 12  4      101
10        7095  7 10 12  4      101
10        7145  2 10 12  4      101
10        7195  7 10 12  4      101
10        7245  2 10 12  4      103
10        7255  3 10 12  4      101
10        7295  7 10 12  4      103
10        7305  8 10 12  4      101
10        7345  2 10 12  4      100
10        7355  3 10 12  4      103
10        7395  7 10 12  4      100
10        7405  8 10 12  4      103
10        7425  0 10 12  4      114
10        7435  1 10 12  4       80
10        7455  3 10 12  4      103
10        7465  4 10 12  4      134
10        7475  5 10 12  4      114
10        7485  6 10 12  4       80
10        7505  8 10 12  4      103
10        7515  9 10 12  4      134
10        7555  3 10 12  4       99
10        7605  8 10 12  4       99
10        7745  2 10 12  4       97
10        7795  7 10 12  4       97
10        7955  3 10 12  4      100
10        8005  8 10 12  4      100
10        8055  3 10 12  4      101
10        8105  8 10 12  4      101
10        8125  0 10 12  4      120
10        8135  1 10 12  4       77
10        8155  3 10 12  4      101
10        8165  4 10 12  4      136
10        8175  5 10 12  4      120
10        8185  6 10 12  4       77
10        8205  8 10 12  4      101
10        8215  9 10 12  4      136
10        8255  3 10 12  4      102
10        8305  8 10 12  4      102
10        8355  3 10 12  4      103
10        8405  8 10 12  4      103
10        8445  2 10 12  4       98
10        8455  3 10 12  4       99
10        8495  7 10 12  4       98
10        8505  8 10 12  4       99
10        8825  0 10 12  4      119
10        8835  1 10 12  4       75
10        8855  3 10 12  4      103
10        8865  4 10 12  4      140
10        8875  5 10 12  4      119
10        8885  6 10 12  4       75
10        8905  8 10 12  4      103
10        8915  9 10 12  4      140
10        8955  3 10 12  4      102
10        9005  8 10 12  4      102
10        9055  3 10 12  4      100
10        9105  8 10 12  4      100
10        9145  2 10 12  4       99
10        9155  3 10 12  4      100
10        9195  7 10 12  4       99
10        9205  8 10 12  4      100
10        9255  3 10 12  4      100
10        9305  8 10 12  4      100
10        9355  3 10 12  4      102
10        9405  8 10 12  4      102
10        9455  3 10 12  4      101
10        9505  8 10 12  4      101
10        9525  0 10 12  4      117
10        9535  1 10 12  4       78
10        9555  3 10 12  4      101
10        9565  4 10 12  4      142
10        9575  5 10 12  4      117
10        9585  6 10 12  4       78
10        9605  8 10 12  4      101
10        9615  9 10 12  4      142
10        9655  3 10 12  4      101
10        9665  4 10 12  4      145
10        9705  8 10 12  4      101
10        9715  9 10 12  4      145
10        9755  3 10 12  4      102
10        9765  4 10 12  4      133
10        9805  8 10 12  4      102
10        9815  9 10 12  4      133
10        9845  2 10 12  4      101
10        9855  3 10 12  4      103
10        9895  7 10 12  4      101
10        9905  8 10 12  4      103
10        9945  2 10 12  4       97
10        9955  3 10 12  4      100
10        9995  7 10 12  4       97
10       10005  8 10 12  4      100
10       10055  3 10 12  4      100
10       10105  8 10 12  4      100
10       10155  3 10 12  4      102
10       10165  4 10 12  4      139
10       10205  8 10 12  4      102
10       10215  9 10 12  4      139
10       10225  0 10 12  4      110
10       10235  1 10 12  4       75
10       10255  3 10 12  4      103
10       10275  5 10 12  4      110
10       10285  6 10 12  4       75
10       10305  8 10 12  4      103
10       10345  2 10 12  4       95
10       10355  3 10 12  4      103
10       10395  7 10 12  4       95
10       10405  8 10 12  4      103
10       10455  3 10 12  4       99
10       10505  8 10 12  4       99
10       10855  3 10 12  4      100
10       10865  4 10 12  4      131
10       10905  8 10 12  4      100
10       10915  9 10 12  4      131
10       10925  0 10 12  4      117
10       10935  1 10 12  4       78
10       10955  3 10 12  4      100
10       10975  5 10 12  4      117
10       10985  6 10 12  4       78
10       11005  8 10 12  4      100
10       11045  2 10 12  4      105
10       11055  3 10 12  4      101
10       11095  7 10 12  4      105
10       11105  8 10 12  4      101
10       11145  2 10 12  4      103
10       11155  3 10 12  4      103
10       11195  7 10 12  4      103
10       11205  8 10 12  4      103
10       11245  2 10 12  4       95
10       11255  3 10 12  4      101
10       11295  7 10 12  4       95
10       11305  8 10 12  4      101
10       11355  3 10 12  4       99
10       11405  8 10 12  4       99
10       11565  4 10 12  4      140
10       11615  9 10 12  4      140
10       11625  0 10 12  4      119
10       11635  1 10 12  4       77
10       11645  2 10 12  4      100
10       11675  5 10 12  4      119
10       11685  6 10 12  4       77
10       11695  7 10 12  4      100
10       11755  3 10 12  4      103
10       11805  8 10 12  4      103
10       11855  3 10 12  4       99
10       11905  8 10 12  4       99
10       12255  3 10 12  4      102
10       12265  4 10 12  4      133
10       12305  8 10 12  4      102
10       12315  9 10 12  4      133
10       12325  0 10 12  4      118
10       12335  1 10 12  4       76
10       12345  2 10 12  4       95
10       12355  3 10 12  4      103
10       12375  5 10 12  4      118
10       12385  6 10 12  4       76
10       12395  7 10 12  4       95
10       12405  8 10 12  4      103
10       12455  3 10 12  4      100
10       12505  8 10 12  4      100
10       12555  3 10 12  4      100
10       12605  8 10 12  4      100
10       12655  3 10 12  4      102
10       12705  8 10 12  4      102
10       12755  3 10 12  4      100
10       12805  8 10 12  4      100
10       12855  3 10 12  4      102
10       12905  8 10 12  4      102
10       12955  3 10 12  4      100
10       12965  4 10 12  4      149
10       13005  8 10 12  4      100
10       13015  9 10 12  4      149
10       13025  0 10 12  4      112
10       13035  1 10 12  4       77
10       13045  2 10 12  4       96
10       13055  3 10 12  4      102
10       13065  4 10 12  4      131
10       13075  5 10 12  4      112
10       13085  6 10 12  4       77
10       13095  7 10 12  4       96
10       13105  8 10 12  4      102
10       13115  9 10 12  4      131
10       13155  3 10 12  4      103
10       13205  8 10 12  4      103
10       13255  3 10 12  4      100
10       13305  8 10 12  4      100
10       13355  3 10 12  4      102
10       13405  8 10 12  4      102
10       13455  3 10 12  4       99
10       13465  4 10 12  4      134
10       13505  8 10 12  4       99
10       13515  9 10 12  4      134
10       13725  0 10 12  4      120
10       13735  1 10 12  4       77
10       13745  2 10 12  4      102
10       13775  5 10 12  4      120
10       13785  6 10 12  4       77
10       13795  7 10 12  4      102
10       13845  2 10 12  4       98
10       13855  3 10 12  4       99
10       13895  7 10 12  4       98
10       13905  8 10 12  4       99
10       14165  4 10 12  4      147
10       14215  9 10 12  4      147
10       14245  2 10 12  4       99
10       14265  4 10 12  4      134
10       14295  7 10 12  4       99
10       14315  9 10 12  4      134
10       14425  0 10 12  4      114
10       14435  1 10 12  4       76
10       14475  5 10 12  4      114
10       14485  6 10 12  4       76
10       14555  3 10 12  4       99
10       14605  8 10 12  4       99
10       14665  4 10 12  4      146
10       14715  9 10 12  4      146
10       14765  4 10 12  4      131
10       14815  9 10 12  4      131
10       14945  2 10 12  4       97
10       14995  7 10 12  4       97
10       15125  0 10 12  4      120
10       15135  1 10 12  4       76
10       15165  4 10 12  4      141
10       15175  5 10 12  4      120
10       15185  6 10 12  4       76
10       15215  9 10 12  4      141
10       15255  3 10 12  4      101
10       15265  4 10 12  4      139
10       15305  8 10 12  4      101
10       15315  9 10 12  4      139
10       15355  3 10 12  4      102
10       15405  8 10 12  4      102
10       15455  3 10 12  4      101
10       15505  8 10 12  4      101
10       15555  3 10 12  4      103
10       15605  8 10 12  4      103
10       15645  2 10 12  4      100
10       15655  3 10 12  4      100
10       15665  4 10 12  4      134
10       15695  7 10 12  4      100
10       15705  8 10 12  4      100
10       15715  9 10 12  4      134
10       15755  3 10 12  4      102
10       15805  8 10 12  4      102
10       15825  0 10 12  4      118
10       15835  1 10 12  4       76
10       15855  3 10 12  4      101
10       15875  5 10 12  4      118
10       15885  6 10 12  4       76
10       15905  8 10 12  4      101
10       15955  3 10 12  4       99
10       16005  8 10 12  4       99
10       16345  2 10 12  4      103
10       16355  3 10 12  4      103
10       16365  4 10 12  4      131
10       16395  7 10 12  4      103
10       16405  8 10 12  4      103
10       16415  9 10 12  4      131
10       16445  2 10 12  4      102
10       16455  3 10 12  4      100
10       16495  7 10 12  4      102
10       16505  8 10 12  4      100
10       16525  0 10 12  4      115
10       16535  1 10 12  4       80
10       16545  2 10 12  4       99
10       16555  3 10 12  4      100
10       16575  5 10 12  4      115
10       16585  6 10 12  4       80
10       16595  7 10 12  4       99
10       16605  8 10 12  4      100
10       16655  3 10 12  4      101
10       16705  8 10 12  4      101
10       16755  3 10 12  4       99
10       16805  8 10 12  4       99
10       16945  2 10 12  4       95
10       16995  7 10 12  4       95
10       17065  4 10 12  4      136
10       17115  9 10 12  4      136
10       17155  3 10 12  4      102
10       17205  8 10 12  4      102
10       17225  0 10 12  4      117
10       17235  1 10 12  4       75
10       17255  3 10 12  4      101
10       17275  5 10 12  4      117
10       17285  6 10 12  4       75
10       17305  8 10 12  4      101
10       17355  3 10 12  4      101
10       17405  8 10 12  4      101
10       17455  3 10 12  4       99
10       17505  8 10 12  4       99
10       17645  2 10 12  4      100
10       17695  7 10 12  4      100
10       17765  4 10 12  4      140
10       17815  9 10 12  4      140
10       17855  3 10 12  4      101
10       17905  8 10 12  4      101
10       17925  0 10 12  4      119
10       17935  1 10 12  4       79
10       17955  3 10 12  4      103
10       17975  5 10 12  4      119
10       17985  6 10 12  4       79
10       18005  8 10 12  4      103
10       18055  3 10 12  4      103
10       18105  8 10 12  4      103
10       18155  3 10 12  4       99
10       18205  8 10 12  4       99
10       18345  2 10 12  4       98
10       18395  7 10 12  4       98
10       18465  4 10 12  4      135
10       18515  9 10 12  4      135
10       18555  3 10 12  4      100
10       18605  8 10 12  4      100
10       18625  0 10 12  4      116
10       18635  1 10 12  4       80
10       18655  3 10 12  4      101
10       18675  5 10 12  4      116
10       18685  6 10 12  4       80
10       18705  8 10 12  4      101
10       18755  3 10 12  4      100
10       18805  8 10 12  4      100
10       18855  3 10 12  4       99
10       18905  8 10 12  4       99
10       19045  2 10 12  4      105
10       19095  7 10 12  4      105
10       19145  2 10 12  4      105
10       19165  4 10 12  4      146
10       19195  7 10 12  4      105
10       19215  9 10 12  4      146
10       19245  2 10 12  4      101
10       19255  3 10 12  4      103
10       19265  4 10 12  4      149
10       19295  7 10 12  4      101
10       19305  8 10 12  4      103
10       19315  9 10 12  4      149
10       19325  0 10 12  4      116
10       19335  1 10 12  4       75
10       19345  2 10 12  4      105
10       19355  3 10 12  4      103
10       19365  4 10 12  4      145
10       19375  5 10 12  4      116
10       19385  6 10 12  4       75
10       19395  7 10 12  4      105
10       19405  8 10 12  4      103
10       19415  9 10 12  4      145
10       19445  2 10 12  4       99
10       19455  3 10 12  4      101
10       19465  4 10 12  4      130
10       19495  7 10 12  4       99
10       19505  8 10 12  4      101
10       19515  9 10 12  4      130
10       19555  3 10 12  4       99
10       19605  8 10 12  4       99
10       19845  2 10 12  4       98
10       19865  4 10 12  4      134
10       19895  7 10 12  4       98
10       19915  9 10 12  4      134
10       19955  3 10 12  4       99
10       20005  8 10 12  4       99
10       20025  0 10 12  4      117
10       20035  1 10 12  4       75
10       20075  5 10 12  4      117
10       20085  6 10 12  4       75
10       20545  2 10 12  4       96
10       20565  4 10 12  4      145
10       20595  7 10 12  4       96
10       20615  9 10 12  4      145
10       20655  3 10 12  4      100
10       20665  4 10 12  4      149
10       20705  8 10 12  4      100
10       20715  9 10 12  4      149
10       20725  0 10 12  4      120
10       20735  1 10 12  4       75
10       20755  3 10 12  4      102
10       20765  4 10 12  4      137
10       20775  5 10 12  4      120
10       20785  6 10 12  4       75
10       20805  8 10 12  4      102
10       20815  9 10 12  4      137
10       20855  3 10 12  4       99
10       20905  8 10 12  4       99
10       21165  4 10 12  4      144
10       21215  9 10 12  4      144
10       21245  2 10 12  4      102
10       21255  3 10 12  4      100
10       21265  4 10 12  4      142
10       21295  7 10 12  4      102
10       21305  8 10 12  4      100
10       21315  9 10 12  4      142
10       21345  2 10 12  4      101
10       21355  3 10 12  4       99
10       21365  4 10 12  4      138
10       21395  7 10 12  4      101
10       21405  8 10 12  4       99
10       21415  9 10 12  4      138
10       21425  0 10 12  4      113
10       21435  1 10 12  4       80
10       21445  2 10 12  4       95
10       21475  5 10 12  4      113
10       21485  6 10 12  4       80
10       21495  7 10 12  4       95
10       21755  3 10 12  4      100
10       21765  4 10 12  4      138
10       21805  8 10 12  4      100
10       21815  9 10 12  4      138
10       21845  2 10 12  4       99
10       21855  3 10 12  4      100
10       21895  7 10 12  4       99
10       21905  8 10 12  4      100
10       21955  3 10 12  4       99
10       22005  8 10 12  4       99
10       22125  0 10 12  4      117
10       22135  1 10 12  4       80
10       22175  5 10 12  4      117
10       22185  6 10 12  4       80
10       22355  3 10 12  4       99
10       22405  8 10 12  4       99
10       22465  4 10 12  4      149
10       22515  9 10 12  4      149
10       22545  2 10 12  4      102
10       22565  4 10 12  4      143
10       22595  7 10 12  4      102
10       22615  9 10 12  4      143
10       22645  2 10 12  4      103
10       22665  4 10 12  4      148
10       22695  7 10 12  4      103
10       22715  9 10 12  4      148
10       22745  2 10 12  4       99
10       22765  4 10 12  4      136
10       22795  7 10 12  4       99
10       22815  9 10 12  4      136
10       22825  0 10 12  4      115
10       22835  1 10 12  4       75
10       22875  5 10 12  4      115
10       22885  6 10 12  4       75
10       23055  3 10 12  4      103
10       23105  8 10 12  4      103
10       23145  2 10 12  4      103
10       23155  3 10 12  4      102
10       23165  4 10 12  4      141
10       23195  7 10 12  4      103
10       23205  8 10 12  4      102
10       23215  9 10 12  4      141
10       23245  2 10 12  4       96
10       23255  3 10 12  4      100
10       23265  4 10 12  4      139
10       23295  7 10 12  4       96
10       23305  8 10 12  4      100
10       23315  9 10 12  4      139
10       23355  3 10 12  4       99
10       23405  8 10 12  4       99
10       23525  0 10 12  4      115
10       23535  1 10 12  4       80
10       23575  5 10 12  4      115
10       23585  6 10 12  4       80
10       23645  2 10 12  4       96
10       23665  4 10 12  4      138
10       23695  7 10 12  4       96
10       23715  9 10 12  4      138
10       23755  3 10 12  4      100
10       23805  8 10 12  4      100
10       23855  3 10 12  4      101
10       23905  8 10 12  4      101
10       23955  3 10 12  4      102
10       24005  8 10 12  4      102
10       24055  3 10 12  4      102
10       24105  8 10 12  4      102
10       24155  3 10 12  4       99
10       24205  8 10 12  4       99
10       24225  0 10 12  4      119
10       24235  1 10 12  4       75
10       24275  5 10 12  4      119
10       24285  6 10 12  4       75
10       24345  2 10 12  4      100
10       24365  4 10 12  4      148
10       24395  7 10 12  4      100
10       24415  9 10 12  4      148
10       24465  4 10 12  4      139
10       24515  9 10 12  4      139
10       24555  3 10 12  4      102
10       24605  8 10 12  4      102
10       24655  3 10 12  4      100
10       24705  8 10 12  4      100
10       24755  3 10 12  4      102
10       24805  8 10 12  4      102
10       24855  3 10 12  4      102
10       24865  4 10 12  4      148
10       24905  8 10 12  4      102
10       24915  9 10 12  4      148
10       24925  0 10 12  4      114
10       24935  1 10 12  4       79
10       24955  3 10 12  4      103
10       24965  4 10 12  4      131
10       24975  5 10 12  4      114
10       24985  6 10 12  4       79
10       25005  8 10 12  4      103
10       25015  9 10 12  4      131
10       25045  2 10 12  4      100
10       25055  3 10 12  4      101
10       25095  7 10 12  4      100
10       25105  8 10 12  4      101
10       25155  3 10 12  4      100
10       25205  8 10 12  4      100
10       25255  3 10 12  4      100
10       25305  8 10 12  4      100
10       25355  3 10 12  4      100
10       25365  4 10 12  4      146
10       25405  8 10 12  4      100
10       25415  9 10 12  4      146
10       25455  3 10 12  4      100
10       25465  4 10 12  4      140
10       25505  8 10 12  4      100
10       25515  9 10 12  4      140
10       25555  3 10 12  4      101
10       25605  8 10 12  4      101
10       25625  0 10 12  4      118
10       25635  1 10 12  4       76
10       25655  3 10 12  4      100
10       25675  5 10 12  4      118
10       25685  6 10 12  4       76
10       25705  8 10 12  4      100
10       25745  2 10 12  4      104
10       25755  3 10 12  4       99
10       25795  7 10 12  4      104
10       25805  8 10 12  4       99
10       25845  2 10 12  4      100
10       25865  4 10 12  4      150
10       25895  7 10 12  4      100
10       25915  9 10 12  4      150
10       25965  4 10 12  4      146
10       26015  9 10 12  4      146
10       26065  4 10 12  4      142
10       26115  9 10 12  4      142
10       26155  3 10 12  4      103
10       26165  4 10 12  4      130
10       26205  8 10 12  4      103
10       26215  9 10 12  4      130
10       26245  2 10 12  4       95
10       26255  3 10 12  4      103
10       26295  7 10 12  4       95
10       26305  8 10 12  4      103
10       26325  0 10 12  4      114
10       26335  1 10 12  4       79
10       26355  3 10 12  4      103
10       26375  5 10 12  4      114
10       26385  6 10 12  4       79
10       26405  8 10 12  4      103
10       26455  3 10 12  4      100
10       26505  8 10 12  4      100
10       26555  3 10 12  4      101
10       26565  4 10 12  4      137
10       26605  8 10 12  4      101
10       26615  9 10 12  4      137
10       26655  3 10 12  4      102
10       26705  8 10 12  4      102
10       26755  3 10 12  4      101
10       26805  8 10 12  4      101
10       26855  3 10 12  4      100
10       26905  8 10 12  4      100
10       26945  2 10 12  4      105
10       26955  3 10 12  4      101
10       26995  7 10 12  4      105
10       27005  8 10 12  4      101
10       27025  0 10 12  4      114
10       27035  1 10 12  4       75
10       27045  2 10 12  4      104
10       27055  3 10 12  4      101
10       27075  5 10 12  4      114
10       27085  6 10 12  4       75
10       27095  7 10 12  4      104
10       27105  8 10 12  4      101
10       27145  2 10 12  4       96
10       27155  3 10 12  4       99
10       27195  7 10 12  4       96
10       27205  8 10 12  4       99
10       27265  4 10 12  4      130
10       27315  9 10 12  4      130
10       27545  2 10 12  4      100
10       27595  7 10 12  4      100
10       27725  0 10 12  4      117
10       27735  1 10 12  4       80
10       27775  5 10 12  4      117
10       27785  6 10 12  4       80
10       27965  4 10 12  4      140
10       28015  9 10 12  4      140
10       28245  2 10 12  4       98
10       28295  7 10 12  4       98
10       28425  0 10 12  4      118
10       28435  1 10 12  4       77
10       28475  5 10 12  4      118
10       28485  6 10 12  4       77
10       28665  4 10 12  4      134
10       28715  9 10 12  4      134
10       28945  2 10 12  4      104
10       28995  7 10 12  4      104
10       29045  2 10 12  4      104
10       29095  7 10 12  4      104
10       29125  0 10 12  4      118
10       29135  1 10 12  4       79
10       29145  2 10 12  4       96
10       29175  5 10 12  4      118
10       29185  6 10 12  4       79
10       29195  7 10 12  4       96
10       29365  4 10 12  4      134
10       29415  9 10 12  4      134
10       29545  2 10 12  4       95
10       29595  7 10 12  4       95
10       29825  0 10 12  4      110
10       29835  1 10 12  4       76
10       29875  5 10 12  4      110
10       29885  6 10 12  4       76
10       30065  4 10 12  4      150
10       30115  9 10 12  4      150
10       30165  4 10 12  4      134
10       30215  9 10 12  4      134
10       30245  2 10 12  4      104
10       30295  7 10 12  4      104
10       30345  2 10 12  4       98
10       30395  7 10 12  4       98
10       30525  0 10 12  4      119
10       30535  1 10 12  4       78
10       30565  4 10 12  4      148
10       30575  5 10 12  4      119
10       30585  6 10 12  4       78
10       30615  9 10 12  4      148
10       30665  4 10 12  4      130
10       30715  9 10 12  4      130
10       30745  2 10 12  4      102
10       30795  7 10 12  4      102
10       30845  2 10 12  4       97
10       30895  7 10 12  4       97
10       31065  4 10 12  4      133
10       31115  9 10 12  4      133
10       31225  0 10 12  4      112
10       31235  1 10 12  4       75
10       31245  2 10 12  4      104
10       31275  5 10 12  4      112
10       31285  6 10 12  4       75
10       31295  7 10 12  4      104
10       31345  2 10 12  4       98
10       31395  7 10 12  4       98
10       31745  2 10 12  4      102
10       31765  4 10 12  4      147
10       31795  7 10 12  4      102
10       31815  9 10 12  4      147
10       31845  2 10 12  4      104
10       31865  4 10 12  4      145
10       31895  7 10 12  4      104
10       31915  9 10 12  4      145
10       31925  0 10 12  4      120
10       31935  1 10 12  4       75
10       31945  2 10 12  4       99
10       31965  4 10 12  4      145
10       31975  5 10 12  4      120
10       31985  6 10 12  4       75
10       31995  7 10 12  4       99
10       32015  9 10 12  4      145
10       32065  4 10 12  4      137
10       32115  9 10 12  4      137
10       32345  2 10 12  4      104
10       32395  7 10 12  4      104
10       32445  2 10 12  4       99
10       32465  4 10 12  4      136
10       32495  7 10 12  4       99
10       32515  9 10 12  4      136
10       32625  0 10 12  4      119
10       32635  1 10 12  4       80
10       32675  5 10 12  4      119
10       32685  6 10 12  4       80
10       32845  2 10 12  4      102
10       32895  7 10 12  4      102
10       32945  2 10 12  4       97
10       32995  7 10 12  4       97
10       33165  4 10 12  4      147
10       33215  9 10 12  4      147
10       33265  4 10 12  4      144
10       33315  9 10 12  4      144
10       33325  0 10 12  4      114
10       33335  1 10 12  4       75
10       33345  2 10 12  4       96
10       33365  4 10 12  4      133
10       33375  5 10 12  4      114
10       33385  6 10 12  4       75
10       33395  7 10 12  4       96
10       33415  9 10 12  4      133
10       33765  4 10 12  4      147
10       33815  9 10 12  4      147
10       33865  4 10 12  4      149
10       33915  9 10 12  4      149
10       33965  4 10 12  4      137
10       34015  9 10 12  4      137
10       34025  0 10 12  4      110
10       34035  1 10 12  4       77
10       34045  2 10 12  4      100
10       34075  5 10 12  4      110
10       34085  6 10 12  4       77
10       34095  7 10 12  4      100
10       34365  4 10 12  4      139
10       34415  9 10 12  4      139
10       34725  0 10 12  4      115
10       34735  1 10 12  4       76
10       34745  2 10 12  4      103
10       34775  5 10 12  4      115
10       34785  6 10 12  4       76
10       34795  7 10 12  4      103
10       34845  2 10 12  4      100
10       34895  7 10 12  4      100
10       35065  4 10 12  4      143
10       35115  9 10 12  4      143
10       35165  4 10 12  4      141
10       35215  9 10 12  4      141
10       35245  2 10 12  4      105
10       35265  4 10 12  4      149
10       35295  7 10 12  4      105
10       35315  9 10 12  4      149
10       35345  2 10 12  4       97
10       35365  4 10 12  4      145
10       35395  7 10 12  4       97
10       35415  9 10 12  4      145
10       35425  0 10 12  4      115
10       35435  1 10 12  4       76
10       35465  4 10 12  4      147
10       35475  5 10 12  4      115
10       35485  6 10 12  4       76
10       35515  9 10 12  4      147
10       35565  4 10 12  4      137
10       35615  9 10 12  4      137
10       35745  2 10 12  4      104
10       35795  7 10 12  4      104
10       35845  2 10 12  4      101
10       35895  7 10 12  4      101
10       35945  2 10 12  4       98
10       35965  4 10 12  4      137
10       35995  7 10 12  4       98
10       36015  9 10 12  4      137
10       36125  0 10 12  4      120
10       36135  1 10 12  4       80
10       36175  5 10 12  4      120
10       36185  6 10 12  4       80
10       36345  2 10 12  4       96
10       36395  7 10 12  4       96
10       36665  4 10 12  4      132
10       36715  9 10 12  4      132
10       36825  0 10 12  4      114
10       36835  1 10 12  4       77
10       36875  5 10 12  4      114
10       36885  6 10 12  4       77
10       37045  2 10 12  4       95
10       37095  7 10 12  4       95
10       37365  4 10 12  4      141
10       37415  9 10 12  4      141
10       37465  4 10 12  4      142
10       37515  9 10 12  4      142
10       37525  0 10 12  4      120
10       37535  1 10 12  4       75
10       37565  4 10 12  4      141
10       37575  5 10 12  4      120
10       37585  6 10 12  4       75
10       37615  9 10 12  4      141
10       37665  4 10 12  4      132
10       37715  9 10 12  4      132
10       37745  2 10 12  4      102
10       37795  7 10 12  4      102
10       37845  2 10 12  4      100
10       37895  7 10 12  4      100
10       38065  4 10 12  4      150
10       38115  9 10 12  4      150
10       38165  4 10 12  4      138
10       38215  9 10 12  4      138
10       38225  0 10 12  4      119
10       38235  1 10 12  4       75
10       38245  2 10 12  4      105
10       38275  5 10 12  4      119
10       38285  6 10 12  4       75
10       38295  7 10 12  4      105
10       38345  2 10 12  4      102
10       38395  7 10 12  4      102
10       38445  2 10 12  4       96
10       38495  7 10 12  4       96
10       38565  4 10 12  4      142
10       38615  9 10 12  4      142
10       38665  4 10 12  4      141
10       38715  9 10 12  4      141
10       38765  4 10 12  4      149
10       38815  9 10 12  4      149
10       38845  2 10 12  4      100
10       38865  4 10 12  4      132
10       38895  7 10 12  4      100
10       38915  9 10 12  4      132
10       38925  0 10 12  4      116
10       38935  1 10 12  4       76
10       38975  5 10 12  4      116
10       38985  6 10 12  4       76
10       39265  4 10 12  4      130
10       39315  9 10 12  4      130
10       39545  2 10 12  4       97
10       39595  7 10 12  4       97
10       39625  0 10 12  4      110
10       39635  1 10 12  4       75
10       39675  5 10 12  4      110
10       39685  6 10 12  4       75
10       39965  4 10 12  4      136
10       40015  9 10 12  4      136
10       40245  2 10 12  4      104
10       40295  7 10 12  4      104
10       40325  0 10 12  4      119
10       40335  1 10 12  4       77
10       40345  2 10 12  4       96
10       40375  5 10 12  4      119
10       40385  6 10 12  4       77
10       40395  7 10 12  4       96
10       40665  4 10 12  4      139
10       40715  9 10 12  4      139
10       40745  2 10 12  4      105
10       40795  7 10 12  4      105
10       40845  2 10 12  4       96
10       40895  7 10 12  4       96
10       41025  0 10 12  4      120
10       41035  1 10 12  4       76
10       41075  5 10 12  4      120
10       41085  6 10 12  4       76
10       41245  2 10 12  4      102
10       41295  7 10 12  4      102
10       41345  2 10 12  4       95
10       41365  4 10 12  4      140
10       41395  7 10 12  4       95
10       41415  9 10 12  4      140
10       41725  0 10 12  4      113
10       41735  1 10 12  4       75
10       41745  2 10 12  4      101
10       41775  5 10 12  4      113
10       41785  6 10 12  4       75
10       41795  7 10 12  4      101
10       41845  2 10 12  4       99
10       41895  7 10 12  4       99
10       42065  4 10 12  4      146
10       42115  9 10 12  4      146
10       42165  4 10 12  4      149
10       42215  9 10 12  4      149
10       42245  2 10 12  4      104
10       42265  4 10 12  4      142
10       42295  7 10 12  4      104
10       42315  9 10 12  4      142
10       42345  2 10 12  4      105
10       42365  4 10 12  4      150
10       42395  7 10 12  4      105
10       42415  9 10 12  4      150
10       42425  0 10 12  4      114
10       42435  1 10 12  4       78
10       42445  2 10 12  4       99
10       42465  4 10 12  4      143
10       42475  5 10 12  4      114
10       42485  6 10 12  4       78
10       42495  7 10 12  4       99
10       42515  9 10 12  4      143
10       42565  4 10 12  4      134
10       42615  9 10 12  4      134
10       42845  2 10 12  4       95
10       42895  7 10 12  4       95
10       42965  4 10 12  4      143
10       43015  9 10 12  4      143
10       43065  4 10 12  4      131
10       43115  9 10 12  4      131
10       43125  0 10 12  4      113
10       43135  1 10 12  4       75
10       43175  5 10 12  4      113
10       43185  6 10 12  4       75
10       43465  4 10 12  4      143
10       43515  9 10 12  4      143
10       43545  2 10 12  4       96
10       43565  4 10 12  4      142
10       43595  7 10 12  4       96
10       43615  9 10 12  4      142
10       43665  4 10 12  4      142
10       43715  9 10 12  4      142
10       43765  4 10 12  4      142
10       43815  9 10 12  4      142
10       43825  0 10 12  4      115
10       43835  1 10 12  4       78
10       43865  4 10 12  4      140
10       43875  5 10 12  4      115
10       43885  6 10 12  4       78
10       43915  9 10 12  4      140
10       44245  2 10 12  4      102
10       44265  4 10 12  4      133
10       44295  7 10 12  4      102
10       44315  9 10 12  4      133
10       44345  2 10 12  4       98
10       44395  7 10 12  4       98
10       44525  0 10 12  4      117
10       44535  1 10 12  4       79
10       44575  5 10 12  4      117
10       44585  6 10 12  4       79
10       44745  2 10 12  4       96
10       44795  7 10 12  4       96
10       44965  4 10 12  4      135
10       45015  9 10 12  4      135
10       45225  0 10 12  4      116
10       45235  1 10 12  4       79
10       45275  5 10 12  4      116
10       45285  6 10 12  4       79
10       45445  2 10 12  4       96
10       45495  7 10 12  4       96
10       45665  4 10 12  4      148
10       45715  9 10 12  4      148
10       45765  4 10 12  4      146
10       45815  9 10 12  4      146
10       45865  4 10 12  4      149
10       45915  9 10 12  4      149
10       45925  0 10 12  4      114
10       45935  1 10 12  4       76
10       45965  4 10 12  4      148
10       45975  5 10 12  4      114
10       45985  6 10 12  4       76
10       46015  9 10 12  4      148
10       46065  4 10 12  4      144
10       46115  9 10 12  4      144
10       46145  2 10 12  4       95
10       46165  4 10 12  4      138
10       46195  7 10 12  4       95
10       46215  9 10 12  4      138
10       46565  4 10 12  4      135
10       46615  9 10 12  4      135
10       46625  0 10 12  4      113
10       46635  1 10 12  4       76
10       46675  5 10 12  4      113
10       46685  6 10 12  4       76
10       46845  2 10 12  4      102
10       46895  7 10 12  4      102
10       46945  2 10 12  4       95
10       46995  7 10 12  4       95
10       47265  4 10 12  4      145
10       47315  9 10 12  4      145
10       47325  0 10 12  4      112
10       47335  1 10 12  4       78
10       47345  2 10 12  4      102
10       47365  4 10 12  4      148
10       47375  5 10 12  4      112
10       47385  6 10 12  4       78
10       47395  7 10 12  4      102
10       47415  9 10 12  4      148
10       47445  2 10 12  4       95
10       47465  4 10 12  4      140
10       47495  7 10 12  4       95
10       47515  9 10 12  4      140
10       47845  2 10 12  4      104
10       47865  4 10 12  4      143
10       47895  7 10 12  4      104
10       47915  9 10 12  4      143
10       47945  2 10 12  4      105
10       47965  4 10 12  4      145
10       47995  7 10 12  4      105
10       48015  9 10 12  4      145
10       48025  0 10 12  4      110
10       48035  1 10 12  4       79
10       48045  2 10 12  4      101
10       48065  4 10 12  4      143
10       48075  5 10 12  4      110
10       48085  6 10 12  4       79
10       48095  7 10 12  4      101
10       48115  9 10 12  4      143
10       48145  2 10 12  4      101
10       48165  4 10 12  4      141
10       48195  7 10 12  4      101
10       48215  9 10 12  4      141
10       48245  2 10 12  4      101
10       48265  4 10 12  4      143
10       48295  7 10 12  4      101
10       48315  9 10 12  4      143
10       48345  2 10 12  4      105
10       48365  4 10 12  4      142
10       48395  7 10 12  4      105
10       48415  9 10 12  4      142
10       48445  2 10 12  4      101
10       48465  4 10 12  4      148
10       48495  7 10 12  4      101
10       48515  9 10 12  4      148
10       48545  2 10 12  4      103
10       48565  4 10 12  4      141
10       48595  7 10 12  4      103
10       48615  9 10 12  4      141
10       48645  2 10 12  4      104
10       48665  4 10 12  4      147
10       48695  7 10 12  4      104
10       48715  9 10 12  4      147
10       48725  0 10 12  4      115
10       48735  1 10 12  4       77
10       48745  2 10 12  4       95
10       48765  4 10 12  4      146
10       48775  5 10 12  4      115
10       48785  6 10 12  4       77
10       48795  7 10 12  4       95
10       48815  9 10 12  4      146
10       48865  4 10 12  4      131
10       48915  9 10 12  4      131
10       49145  2 10 12  4      104
10       49195  7 10 12  4      104
10       49245  2 10 12  4       96
10       49295  7 10 12  4       96
10       49425  0 10 12  4      110
10       49435  1 10 12  4       78
10       49475  5 10 12  4      110
10       49485  6 10 12  4       78
10       49645  2 10 12  4       99
10       49695  7 10 12  4       99
10       50125  0 10 12  4      114
10       50135  1 10 12  4       79
10       50175  5 10 12  4      114
10       50185  6 10 12  4       79
10       50345  2 10 12  4      103
10       50395  7 10 12  4      103
10       50445  2 10 12  4      103
10       50495  7 10 12  4      103
10       50545  2 10 12  4      102
10       50595  7 10 12  4      102
10       50645  2 10 12  4      103
10       50695  7 10 12  4      103
10       50745  2 10 12  4      104
10       50795  7 10 12  4      104
10       50825  0 10 12  4      120
10       50835  1 10 12  4       80
10       50845  2 10 12  4       96
10       50875  5 10 12  4      120
10       50885  6 10 12  4       80
10       50895  7 10 12  4       96
10       51245  2 10 12  4      103
10       51295  7 10 12  4      103
10       51345  2 10 12  4      104
10       51395  7 10 12  4      104
10       51445  2 10 12  4      100
10       51495  7 10 12  4      100
10       51525  0 10 12  4      111
10       51535  1 10 12  4       77
10       51575  5 10 12  4      111
10       51585  6 10 12  4       77
10       51845  2 10 12  4      102
10       51895  7 10 12  4      102
10       51945  2 10 12  4       99
10       51995  7 10 12  4       99
10       52225  0 10 12  4      117
10       52235  1 10 12  4       76
10       52275  5 10 12  4      117
10       52285  6 10 12  4       76
10       52345  2 10 12  4       98
10       52395  7 10 12  4       98
10       52925  0 10 12  4      119
10       52935  1 10 12  4       79
10       52975  5 10 12  4      119
10       52985  6 10 12  4       79
10       53045  2 10 12  4      103
10       53095  7 10 12  4      103
10       53145  2 10 12  4       99
10       53195  7 10 12  4       99
10       53545  2 10 12  4       99
10       53595  7 10 12  4       99
10       53625  0 10 12  4      116
10       53635  1 10 12  4       79
10       53675  5 10 12  4      116
10       53685  6 10 12  4       79
10       54245  2 10 12  4       95
10       54295  7 10 12  4       95
10       54325  0 10 12  4      111
10       54335  1 10 12  4       79
10       54375  5 10 12  4      111
10       54385  6 10 12  4       79
10       54945  2 10 12  4       99
10       54995  7 10 12  4       99
10       55025  0 10 12  4      116
10       55035  1 10 12  4       77
10       55075  5 10 12  4      116
10       55085  6 10 12  4       77
10       55645  2 10 12  4      103
10       55695  7 10 12  4      103
10       55725  0 10 12  4      116
10       55735  1 10 12  4       76
10       55745  2 10 12  4      104
10       55775  5 10 12  4      116
10       55785  6 10 12  4       76
10       55795  7 10 12  4      104
10       55845  2 10 12  4      102
10       55895  7 10 12  4      102
10       55945  2 10 12  4      101
10       55995  7 10 12  4      101
10       56045  2 10 12  4      102
10       56095  7 10 12  4      102
10       56145  2 10 12  4      105
10       56195  7 10 12  4      105
10       56245  2 10 12  4       95
10       56295  7 10 12  4       95
10       56425  0 10 12  4      114
10       56435  1 10 12  4       77
10       56475  5 10 12  4      114
10       56485  6 10 12  4       77
10       57125  0 10 12  4      119
10       57135  1 10 12  4       77
10       57175  5 10 12  4      119
10       57185  6 10 12  4       77
10       57825  0 10 12  4      111
10       57835  1 10 12  4       77
10       57875  5 10 12  4      111
10       57885  6 10 12  4       77
10       58525  0 10 12  4      110
10       58535  1 10 12  4       76
10       58575  5 10 12  4      110
10       58585  6 10 12  4       76
10       59225  0 10 12  4      110
10       59235  1 10 12  4       80
10       59275  5 10 12  4      110
10       59285  6 10 12  4       80
10       59925  0 10 12  4      110
10       59935  1 10 12  4       79
10       59975  5 10 12  4      110
10       59985  6 10 12  4       79
10       60625  0 10 12  4      115
10       60635  1 10 12  4       76
10       60675  5 10 12  4      115
10       60685  6 10 12  4       76
10       61325  0 10 12  4      111
10       61335  1 10 12  4       75
10       61375  5 10 12  4      111
10       61385  6 10 12  4       75
10       62025  0 10 12  4      115
10       62035  1 10 12  4       77
10       62075  5 10 12  4      115
10       62085  6 10 12  4       77
10       62725  0 10 12  4      117
10       62735  1 10 12  4       75
10       62775  5 10 12  4      117
10       62785  6 10 12  4       75
10       63425  0 10 12  4      118
10       63435  1 10 12  4       76
10       63475  5 10 12  4      118
10       63485  6 10 12  4       76
10       64125  0 10 12  4      119
10       64135  1 10 12  4       75
10       64175  5 10 12  4      119
10       64185  6 10 12  4       75
10       64825  0 10 12  4      115
10       64835  1 10 12  4       76
10       64875  5 10 12  4      115
10       64885  6 10 12  4       76
10       65525  0 10 12  4      112
10       65535  1 10 12  4       77
10       65575  5 10 12  4      112
10       65585  6 10 12  4       77
10       66225  0 10 12  4      119
10       66235  1 10 12  4       80
10       66275  5 10 12  4      119
10       66285  6 10 12  4       80
10       66925  0 10 12  4      112
10       66935  1 10 12  4       76
10       66975  5 10 12  4      112
10       66985  6 10 12  4       76
10       67625  0 10 12  4      118
10       67635  1 10 12  4       78
10       67675  5 10 12  4      118
10       67685  6 10 12  4       78
10       68325  0 10 12  4      111
10       68335  1 10 12  4       76
10       68375  5 10 12  4      111
10       68385  6 10 12  4       76
10       69025  0 10 12  4      114
10       69035  1 10 12  4       76
10       69075  5 10 12  4      114
10       69085  6 10 12  4       76
10       69725  0 10 12  4      111
10       69735  1 10 12  4       80
10       69775  5 10 12  4      111
10       69785  6 10 12  4       80
10       70425  0 10 12  4      118
10       70435  1 10 12  4       77
10       70475  5 10 12  4      118
10       70485  6 10 12  4       77
10       71125  0 10 12  4      110
10       71135  1 10 12  4       79
10       71175  5 10 12  4      110
10       71185  6 10 12  4       79
10       71825  0 10 12  4      119
10       71835  1 10 12  4       80
10       71875  5 10 12  4      119
10       71885  6 10 12  4       80
10       72525  0 10 12  4      112
10       72535  1 10 12  4       75
10       72575  5 10 12  4      112
10       72585  6 10 12  4       75
10       73225  0 10 12  4      111
10       73235  1 10 12  4       76
10       73275  5 10 12  4      111
10       73285  6 10 12  4       76
10       73925  0 10 12  4      118
10       73935  1 10 12  4       75
10       73975  5 10 12  4      118
10       73985  6 10 12  4       75
10       74625  0 10 12  4      111
10       74635  1 10 12  4       75
10       74675  5 10 12  4      111
10       74685  6 10 12  4       75
10       75325  0 10 12  4      112
10       75335  1 10 12  4       79
10       75375  5 10 12  4      112
10       75385  6 10 12  4       79
10       76025  0 10 12  4      120
10       76035  1 10 12  4       78
10       76075  5 10 12  4      120
10       76085  6 10 12  4       78
10       76725  0 10 12  4      120
10       76735  1 10 12  4       79
10       76775  5 10 12  4      120
10       76785  6 10 12  4       79
10       77425  0 10 12  4      110
10       77435  1 10 12  4       76
10       77475  5 10 12  4      110
10       77485  6 10 12  4       76
10       78125  0 10 12  4      114
10       78135  1 10 12  4       76
10       78175  5 10 12  4      114
10       78185  6 10 12  4       76
10       78825  0 10 12  4      116
10       78835  1 10 12  4       76
10       78875  5 10 12  4      116
10       78885  6 10 12  4       76
10       79525  0 10 12  4      110
10       79535  1 10 12  4       79
10       79575  5 10 12  4      110
10       79585  6 10 12  4       79
10       80225  0 10 12  4      110
10       80235  1 10 12  4       78
10       80275  5 10 12  4      110
10       80285  6 10 12  4       78
10       80925  0 10 12  4      110
10       80935  1 10 12  4       79
10       80975  5 10 12  4      110
10       80985  6 10 12  4       79
10       81625  0 10 12  4      110
10       81635  1 10 12  4       78
10       81675  5 10 12  4      110
10       81685  6 10 12  4       78
10       82325  0 10 12  4      118
10       82335  1 10 12  4       78
10       82375  5 10 12  4      118
10       82385  6 10 12  4       78
10       83025  0 10 12  4      116
10       83035  1 10 12  4       80
10       83075  5 10 12  4      116
10       83085  6 10 12  4       80
10       83725  0 10 12  4      115
10       83735  1 10 12  4       77
10       83775  5 10 12  4      115
10       83785  6 10 12  4       77
10       84425  0 10 12  4      115
10       84435  1 10 12  4       75
10       84475  5 10 12  4      115
10       84485  6 10 12  4       75
10       85125  0 10 12  4      113
10       85135  1 10 12  4       75
10       85175  5 10 12  4      113
10       85185  6 10 12  4       75
10       85825  0 10 12  4      115
10       85835  1 10 12  4       75
10       85875  5 10 12  4      115
10       85885  6 10 12  4       75
10       86525  0 10 12  4      114
10       86535  1 10 12  4       75
10       86575  5 10 12  4      114
10       86585  6 10 12  4       75
10       87225  0 10 12  4      110
10       87235  1 10 12  4       76
10       87275  5 10 12  4      110
10       87285  6 10 12  4       76
10       87925  0 10 12  4      120
10       87935  1 10 12  4       76
10       87975  5 10 12  4      120
10       87985  6 10 12  4       76
10       88625  0 10 12  4      110
10       88635  1 10 12  4       80
10       88675  5 10 12  4      110
10       88685  6 10 12  4       80
10       89325  0 10 12  4      116
10       89335  1 10 12  4       77
10       89375  5 10 12  4      116
10       89385  6 10 12  4       77
10       90025  0 10 12  4      112
10       90035  1 10 12  4       80
10       90075  5 10 12  4      112
10       90085  6 10 12  4       80
10       90725  0 10 12  4      112
10       90735  1 10 12  4       75
10       90775  5 10 12  4      112
10       90785  6 10 12  4       75
10       91425  0 10 12  4      116
10       91435  1 10 12  4       76
10       91475  5 10 12  4      116
10       91485  6 10 12  4       76
10       92125  0 10 12  4      117
10       92135  1 10 12  4       75
10       92175  5 10 12  4      117
10       92185  6 10 12  4       75
10       92825  0 10 12  4      119
10       92835  1 10 12  4       76
10       92875  5 10 12  4      119
10       92885  6 10 12  4       76
10       93525  0 10 12  4      115
10       93535  1 10 12  4       77
10       93575  5 10 12  4      115
10       93585  6 10 12  4       77
10       94225  0 10 12  4      114
10       94235  1 10 12  4       75
10       94275  5 10 12  4      114
10       94285  6 10 12  4       75
10       94925  0 10 12  4      120
10       94935  1 10 12  4       76
10       94975  5 10 12  4      120
10       94985  6 10 12  4       76
10       95625  0 10 12  4      120
10       95635  1 10 12  4       77
10       95675  5 10 12  4      120
10       95685  6 10 12  4       77
10       96325  0 10 12  4      113
10       96335  1 10 12  4       75
10       96375  5 10 12  4      113
10       96385  6 10 12  4       75
10       97025  0 10 12  4      111
10       97035  1 10 12  4       75
10       97075  5 10 12  4      111
10       97085  6 10 12  4       75
10       97725  0 10 12  4      120
10       97735  1 10 12  4       80
10       97775  5 10 12  4      120
10       97785  6 10 12  4       80
10       98425  0 10 12  4      114
10       98435  1 10 12  4       78
10       98475  5 10 12  4      114
10       98485  6 10 12  4       78
10       99125  0 10 12  4      112
10       99135  1 10 12  4       76
10       99175  5 10 12  4      112
10       99185  6 10 12  4       76
10       99825  0 10 12  4      118
10       99835  1 10 12  4       77
10       99875  5 10 12  4      118
10       99885  6 10 12  4       77
10      100525  0 10 12  4      115
10      100535  1 10 12  4       80
10      100575  5 10 12  4      115
10      100585  6 10 12  4       80
10      101225  0 10 12  4      117
10      101235  1 10 12  4       80
10      101275  5 10 12  4      117
10      101285  6 10 12  4       80
10      101925  0 10 12  4      120
10      101935  1 10 12  4       76
10      101975  5 10 12  4      120
10      101985  6 10 12  4       76
10      102625  0 10 12  4      112
10      102635  1 10 12  4       75
10      102675  5 10 12  4      112
10      102685  6 10 12  4       75
10      103325  0 10 12  4      115
10      103335  1 10 12  4       78
10      103375  5 10 12  4      115
10      103385  6 10 12  4       78
10      104025  0 10 12  4      120
10      104035  1 10 12  4       75
10      104075  5 10 12  4      120
10      104085  6 10 12  4       75
10      104725  0 10 12  4      112
10      104735  1 10 12  4       80
10      104775  5 10 12  4      112
10      104785  6 10 12  4       80
10      105425  0 10 12  4      110
10      105435  1 10 12  4       78
10      105475  5 10 12  4      110
10      105485  6 10 12  4       78
10      106125  0 10 12  4      112
10      106135  1 10 12  4       77
10      106175  5 10 12  4      112
10      106185  6 10 12  4       77
10      106825  0 10 12  4      112
10      106835  1 10 12  4       75
10      106875  5 10 12  4      112
10      106885  6 10 12  4       75
10      107525  0 10 12  4      115
10      107535  1 10 12  4       80
10      107575  5 10 12  4      115
10      107585  6 10 12  4       80
10      108225  0 10 12  4      118
10      108235  1 10 12  4       75
10      108275  5 10 12  4      118
10      108285  6 10 12  4       75
10      108925  0 10 12  4      114
10      108935  1 10 12  4       78
10      108975  5 10 12  4      114
10      108985  6 10 12  4       78
10      109625  0 10 12  4      117
10      109635  1 10 12  4       76
10      109675  5 10 12  4      117
10      109685  6 10 12  4       76
10      110325  0 10 12  4      112
10      110335  1 10 12  4       77
10      110375  5 10 12  4      112
10      110385  6 10 12  4       77
10      111025  0 10 12  4      112
10      111035  1 10 12  4       78
10      111075  5 10 12  4      112
10      111085  6 10 12  4       78
10      111725  0 10 12  4      114
10      111735  1 10 12  4       77
10      111775  5 10 12  4      114
10      111785  6 10 12  4       77
10      112425  0 10 12  4      115
10      112435  1 10 12  4       76
10      112475  5 10 12  4      115
10      112485  6 10 12  4       76
10      113125  0 10 12  4      120
10      113135  1 10 12  4       79
10      113175  5 10 12  4      120
10      113185  6 10 12  4       79
10      113825  0 10 12  4      118
10      113835  1 10 12  4       78
10      113875  5 10 12  4      118
10      113885  6 10 12  4       78
10      114525  0 10 12  4      114
10      114535  1 10 12  4       80
10      114575  5 10 12  4      114
10      114585  6 10 12  4       80
10      115225  0 10 12  4      116
10      115235  1 10 12  4       77
10      115275  5 10 12  4      116
10      115285  6 10 12  4       77
10      115925  0 10 12  4      119
10      115935  1 10 12  4       78
10      115975  5 10 12  4      119
10      115985  6 10 12  4       78
10      116625  0 10 12  4      112
10      116635  1 10 12  4       76
10      116675  5 10 12  4      112
10      116685  6 10 12  4       76
10      117325  0 10 12  4      115
10      117335  1 10 12  4       76
10      117375  5 10 12  4      115
10      117385  6 10 12  4       76
10      118025  0 10 12  4      117
10      118035  1 10 12  4       79
10      118075  5 10 12  4      117
10      118085  6 10 12  4       79
10      118725  0 10 12  4      111
10      118735  1 10 12  4       76
10      118775  5 10 12  4      111
10      118785  6 10 12  4       76
10      119425  0 10 12  4      112
10      119435  1 10 12  4       76
10      119475  5 10 12  4      112
10      119485  6 10 12  4       76
10      120125  0 10 12  4      110
10      120135  1 10 12  4       75
10      120175  5 10 12  4      110
10      120185  6 10 12  4       75
10      120825  0 10 12  4      111
10      120835  1 10 12  4       75
10      120875  5 10 12  4      111
10      120885  6 10 12  4       75
10      121525  0 10 12  4      119
10      121535  1 10 12  4       79
10      121575  5 10 12  4      119
10      121585  6 10 12  4       79
10      122225  0 10 12  4      111
10      122235  1 10 12  4       76
10      122275  5 10 12  4      111
10      122285  6 10 12  4       76
10      122925  0 10 12  4      116
10      122935  1 10 12  4       78
10      122975  5 10 12  4      116
10      122985  6 10 12  4       78
10      123625  0 10 12  4      116
10      123635  1 10 12  4       75
10      123675  5 10 12  4      116
10      123685  6 10 12  4       75
10      124325  0 10 12  4      114
10      124335  1 10 12  4       78
10      124375  5 10 12  4      114
10      124385  6 10 12  4       78
10      125025  0 10 12  4      114
10      125035  1 10 12  4       80
10      125075  5 10 12  4      114
10      125085  6 10 12  4       80
10      125725  0 10 12  4      112
10      125735  1 10 12  4       79
10      125775  5 10 12  4      112
10      125785  6 10 12  4       79
10      126425  0 10 12  4      114
10      126435  1 10 12  4       80
10      126475  5 10 12  4      114
10      126485  6 10 12  4       80
10      127125  0 10 12  4      119
10      127135  1 10 12  4       78
10      127175  5 10 12  4      119
10      127185  6 10 12  4       78
10      127825  0 10 12  4      114
10      127835  1 10 12  4       78
10      127875  5 10 12  4      114
10      127885  6 10 12  4       78
10      128525  0 10 12  4      115
10      128535  1 10 12  4       80
10      128575  5 10 12  4      115
10      128585  6 10 12  4       80
10      129225  0 10 12  4      113
10      129235  1 10 12  4       80
10      129275  5 10 12  4      113
10      129285  6 10 12  4       80
10      129925  0 10 12  4      118
10      129935  1 10 12  4       79
10      129975  5 10 12  4      118
10      129985  6 10 12  4       79
10      130625  0 10 12  4      119
10      130635  1 10 12  4       80
10      130675  5 10 12  4      119
10      130685  6 10 12  4       80
10      131325  0 10 12  4      118
10      131335  1 10 12  4       76
10      131375  5 10 12  4      118
10      131385  6 10 12  4       76
10      132025  0 10 12  4      111
10      132035  1 10 12  4       79
10      132075  5 10 12  4      111
10      132085  6 10 12  4       79
10      132725  0 10 12  4      114
10      132735  1 10 12  4       80
10      132775  5 10 12  4      114
10      132785  6 10 12  4       80
10      133425  0 10 12  4      113
10      133435  1 10 12  4       80
10      133475  5 10 12  4      113
10      133485  6 10 12  4       80
10      134125  0 10 12  4      119
10      134135  1 10 12  4       78
10      134175  5 10 12  4      119
10      134185  6 10 12  4       78
10      134825  0 10 12  4      118
10      134835  1 10 12  4       77
10      134875  5 10 12  4      118
10      134885  6 10 12  4       77
10      135525  0 10 12  4      113
10      135535  1 10 12  4       78
10      135575  5 10 12  4      113
10      135585  6 10 12  4       78
10      136225  0 10 12  4      111
10      136235  1 10 12  4       79
10      136275  5 10 12  4      111
10      136285  6 10 12  4       79
10      136925  0 10 12  4      117
10      136935  1 10 12  4       76
10      136975  5 10 12  4      117
10      136985  6 10 12  4       76
10      137625  0 10 12  4      110
10      137635  1 10 12  4       78
10      137675  5 10 12  4      110
10      137685  6 10 12  4       78
10      138325  0 10 12  4      117
10      138335  1 10 12  4       79
10      138375  5 10 12  4      117
10      138385  6 10 12  4       79
10      139025  0 10 12  4      110
10      139035  1 10 12  4       76
10      139075  5 10 12  4      110
10      139085  6 10 12  4       76
10      139725  0 10 12  4      118
10      139735  1 10 12  4       79
10      139775  5 10 12  4      118
10      139785  6 10 12  4       79
10      140425  0 10 12  4      110
10      140435  1 10 12  4       79
10      140475  5 10 12  4      110
10      140485  6 10 12  4       79
10      141125  0 10 12  4      118
10      141135  1 10 12  4       80
10      141175  5 10 12  4      118
10      141185  6 10 12  4       80
10      141825  0 10 12  4      119
10      141835  1 10 12  4       76
10      141875  5 10 12  4      119
10      141885  6 10 12  4       76
10      142525  0 10 12  4      110
10      142535  1 10 12  4       77
10      142575  5 10 12  4      110
10      142585  6 10 12  4       77
10      143225  0 10 12  4      110
10      143235  1 10 12  4       78
10      143275  5 10 12  4      110
10      143285  6 10 12  4       78
10      143925  0 10 12  4      112
10      143935  1 10 12  4       78
10      143975  5 10 12  4      112
10      143985  6 10 12  4       78
10      144625  0 10 12  4      111
10      144635  1 10 12  4       79
10      144675  5 10 12  4      111
10      144685  6 10 12  4       79
10      145325  0 10 12  4      114
10      145335  1 10 12  4       79
10      145375  5 10 12  4      114
10      145385  6 10 12  4       79
10      146025  0 10 12  4      111
10      146035  1 10 12  4       79
10      146075  5 10 12  4      111
10      146085  6 10 12  4       79
10      146725  0 10 12  4      119
10      146735  1 10 12  4       76
10      146775  5 10 12  4      119
10      146785  6 10 12  4       76
10      147425  0 10 12  4      120
10      147435  1 10 12  4       77
10      147475  5 10 12  4      120
10      147485  6 10 12  4       77
10      148125  0 10 12  4      114
10      148135  1 10 12  4       75
10      148175  5 10 12  4      114
10      148185  6 10 12  4       75
10      148825  0 10 12  4      115
10      148835  1 10 12  4       80
10      148875  5 10 12  4      115
10      148885  6 10 12  4       80
10      149525  0 10 12  4      111
10      149535  1 10 12  4       80
10      149575  5 10 12  4      111
10      149585  6 10 12  4       80
10      150225  0 10 12  4      118
10      150235  1 10 12  4       79
10      150275  5 10 12  4      118
10      150285  6 10 12  4       79
10      150925  0 10 12  4      118
10      150935  1 10 12  4       77
10      150975  5 10 12  4      118
10      150985  6 10 12  4       77
10      151625  0 10 12  4      116
10      151635  1 10 12  4       77
10      151675  5 10 12  4      116
10      151685  6 10 12  4       77
10      152325  0 10 12  4      120
10      152335  1 10 12  4       77
10      152375  5 10 12  4      120
10      152385  6 10 12  4       77
10      153025  0 10 12  4      119
10      153035  1 10 12  4       75
10      153075  5 10 12  4      119
10      153085  6 10 12  4       75
10      153725  0 10 12  4      110
10      153735  1 10 12  4       77
10      153775  5 10 12  4      110
10      153785  6 10 12  4       77
10      154425  0 10 12  4      113
10      154435  1 10 12  4       77
10      154475  5 10 12  4      113
10      154485  6 10 12  4       77
10      155125  0 10 12  4      120
10      155135  1 10 12  4       80
10      155175  5 10 12  4      120
10      155185  6 10 12  4       80
10      155825  0 10 12  4      111
10      155835  1 10 12  4       78
10      155875  5 10 12  4      111
10      155885  6 10 12  4       78
10      156525  0 10 12  4      119
10      156535  1 10 12  4       80
10      156575  5 10 12  4      119
10      156585  6 10 12  4       80
10      157225  0 10 12  4      114
10      157235  1 10 12  4       77
10      157275  5 10 12  4      114
10      157285  6 10 12  4       77
10      157925  0 10 12  4      117
10      157935  1 10 12  4       78
10      157975  5 10 12  4      117
10      157985  6 10 12  4       78
10      158625  0 10 12  4      118
10      158635  1 10 12  4       76
10      158675  5 10 12  4      118
10      158685  6 10 12  4       76
10      159325  0 10 12  4      115
10      159335  1 10 12  4       79
10      159375  5 10 12  4      115
10      159385  6 10 12  4       79
10      160025  0 10 12  4      113
10      160035  1 10 12  4       77
10      160075  5 10 12  4      113
10      160085  6 10 12  4       77
10      160725  0 10 12  4      117
10      160735  1 10 12  4       78
10      160775  5 10 12  4      117
10      160785  6 10 12  4       78
10      161425  0 10 12  4      110
10      161435  1 10 12  4       76
10      161475  5 10 12  4      110
10      161485  6 10 12  4       76
10      162125  0 10 12  4      111
10      162135  1 10 12  4       80
10      162175  5 10 12  4      111
10      162185  6 10 12  4       80
10      162825  0 10 12  4      114
10      162835  1 10 12  4       78
10      162875  5 10 12  4      114
10      162885  6 10 12  4       78
10      163525  0 10 12  4      115
10      163535  1 10 12  4       78
10      163575  5 10 12  4      115
10      163585  6 10 12  4       78
10      164225  0 10 12  4      117
10      164235  1 10 12  4       79
10      164275  5 10 12  4      117
10      164285  6 10 12  4       79
10      164925  0 10 12  4      113
10      164935  1 10 12  4       77
10      164975  5 10 12  4      113
10      164985  6 10 12  4       77
10      165625  0 10 12  4      120
10      165635  1 10 12  4       75
10      165675  5 10 12  4      120
10      165685  6 10 12  4       75
10      166325  0 10 12  4      113
10      166335  1 10 12  4       75
10      166375  5 10 12  4      113
10      166385  6 10 12  4       75
10      167025  0 10 12  4      113
10      167035  1 10 12  4       78
10      167075  5 10 12  4      113
10      167085  6 10 12  4       78
10      167725  0 10 12  4      114
10      167735  1 10 12  4       76
10      167775  5 10 12  4      114
10      167785  6 10 12  4       76
10      168425  0 10 12  4      115
10      168435  1 10 12  4       76
10      168475  5 10 12  4      115
10      168485  6 10 12  4       76
10      169125  0 10 12  4      110
10      169135  1 10 12  4       77
10      169175  5 10 12  4      110
10      169185  6 10 12  4       77
10      169825  0 10 12  4      110
10      169835  1 10 12  4       77
10      169875  5 10 12  4      110
10      169885  6 10 12  4       77
10      170525  0 10 12  4      114
10      170535  1 10 12  4       80
10      170575  5 10 12  4      114
10      170585  6 10 12  4       80
10      171225  0 10 12  4      117
10      171235  1 10 12  4       78
10      171275  5 10 12  4      117
10      171285  6 10 12  4       78
10      171925  0 10 12  4      115
10      171935  1 10 12  4       76
10      171975  5 10 12  4      115
10      171985  6 10 12  4       76
10      172625  0 10 12  4      111
10      172635  1 10 12  4       80
10      172675  5 10 12  4      111
10      172685  6 10 12  4       80
10      173325  0 10 12  4      110
10      173335  1 10 12  4       80
10      173375  5 10 12  4      110
10      173385  6 10 12  4       80
10      174025  0 10 12  4      112
10      174035  1 10 12  4       76
10      174075  5 10 12  4      112
10      174085  6 10 12  4       76
10      174725  0 10 12  4      110
10      174735  1 10 12  4       76
10      174775  5 10 12  4      110
10      174785  6 10 12  4       76
10      175425  0 10 12  4      118
10      175435  1 10 12  4       77
10      175475  5 10 12  4      118
10      175485  6 10 12  4       77
10      176125  0 10 12  4      115
10      176135  1 10 12  4       79
10      176175  5 10 12  4      115
10      176185  6 10 12  4       79
10      176825  0 10 12  4      113
10      176835  1 10 12  4       77
10      176875  5 10 12  4      113
10      176885  6 10 12  4       77
10      177525  0 10 12  4      116
10      177535  1 10 12  4       78
10      177575  5 10 12  4      116
10      177585  6 10 12  4       78
10      178225  0 10 12  4      114
10      178235  1 10 12  4       76
10      178275  5 10 12  4      114
10      178285  6 10 12  4       76
10      178925  0 10 12  4      119
10      178935  1 10 12  4       80
10      178975  5 10 12  4      119
10      178985  6 10 12  4       80
10      179625  0 10 12  4      112
10      179635  1 10 12  4       77
10      179675  5 10 12  4      112
10      179685  6 10 12  4       77
10      180325  0 10 12  4      118
10      180335  1 10 12  4       80
10      180375  5 10 12  4      118
10      180385  6 10 12  4       80
10      181025  0 10 12  4      113
10      181035  1 10 12  4       77
10      181075  5 10 12  4      113
10      181085  6 10 12  4       77
10      181725  0 10 12  4      113
10      181735  1 10 12  4       79
10      181775  5 10 12  4      113
10      181785  6 10 12  4       79
10      182425  0 10 12  4      111
10      182435  1 10 12  4       75
10      182475  5 10 12  4      111
10      182485  6 10 12  4       75
10      183125  0 10 12  4      117
10      183135  1 10 12  4       76
10      183175  5 10 12  4      117
10      183185  6 10 12  4       76
10      183825  0 10 12  4      110
10      183835  1 10 12  4       80
10      183875  5 10 12  4      110
10      183885  6 10 12  4       80
10      184525  0 10 12  4      112
10      184535  1 10 12  4       75
10      184575  5 10 12  4      112
10      184585  6 10 12  4       75
10      185225  0 10 12  4      115
10      185235  1 10 12  4       75
10      185275  5 10 12  4      115
10      185285  6 10 12  4       75
10      185925  0 10 12  4      114
10      185935  1 10 12  4       77
10      185975  5 10 12  4      114
10      185985  6 10 12  4       77
10      186625  0 10 12  4      111
10      186635  1 10 12  4       75
10      186675  5 10 12  4      111
10      186685  6 10 12  4       75
10      187325  0 10 12  4      118
10      187335  1 10 12  4       79
10      187375  5 10 12  4      118
10      187385  6 10 12  4       79
10      188025  0 10 12  4      110
10      188035  1 10 12  4       80
10      188075  5 10 12  4      110
10      188085  6 10 12  4       80
10      188725  0 10 12  4      114
10      188735  1 10 12  4       80
10      188775  5 10 12  4      114
10      188785  6 10 12  4       80
10      189425  0 10 12  4      114
10      189435  1 10 12  4       77
10      189475  5 10 12  4      114
10      189485  6 10 12  4       77
10      190125  0 10 12  4      110
10      190135  1 10 12  4       79
10      190175  5 10 12  4      110
10      190185  6 10 12  4       79
10      190825  0 10 12  4      116
10      190835  1 10 12  4       75
10      190875  5 10 12  4      116
10      190885  6 10 12  4       75
10      191525  0 10 12  4      110
10      191535  1 10 12  4       76
10      191575  5 10 12  4      110
10      191585  6 10 12  4       76
10      192225  0 10 12  4      120
10      192235  1 10 12  4       77
10      192275  5 10 12  4      120
10      192285  6 10 12  4       77
10      192925  0 10 12  4      120
10      192935  1 10 12  4       79
10      192975  5 10 12  4      120
10      192985  6 10 12  4       79
10      193625  0 10 12  4      111
10      193635  1 10 12  4       75
10      193675  5 10 12  4      111
10      193685  6 10 12  4       75
10      194325  0 10 12  4      120
10      194335  1 10 12  4       75
10      194375  5 10 12  4      120
10      194385  6 10 12  4       75
10      195025  0 10 12  4      115
10      195035  1 10 12  4       75
10      195075  5 10 12  4      115
10      195085  6 10 12  4       75
10      195725  0 10 12  4      110
10      195735  1 10 12  4       79
10      195775  5 10 12  4      110
10      195785  6 10 12  4       79
10      196425  0 10 12  4      117
10      196435  1 10 12  4       80
10      196475  5 10 12  4      117
10      196485  6 10 12  4       80
10      197125  0 10 12  4      110
10      197135  1 10 12  4       76
10      197175  5 10 12  4      110
10      197185  6 10 12  4       76
10      197825  0 10 12  4      111
10      197835  1 10 12  4       80
10      197875  5 10 12  4      111
10      197885  6 10 12  4       80
10      198525  0 10 12  4      116
10      198535  1 10 12  4       78
10      198575  5 10 12  4      116
10      198585  6 10 12  4       78
10      199225  0 10 12  4      112
10      199235  1 10 12  4       77
10      199275  5 10 12  4      112
10      199285  6 10 12  4       77
10      199925  0 10 12  4      119
10      199935  1 10 12  4       75
10      199975  5 10 12  4      119
10      199985  6 10 12  4       75
