10          25  0 10 12  4      118
10          35  1 10 12  4       80
10          45  2 10 12  4      105
10          55  3 10 12  4      103
10          65  4 10 12  4      143
10          75  5 10 12  4      118
10          85  6 10 12  4       80
10          95  7 10 12  4      105
10         105  8 10 12  4      103
10         115  9 10 12  4      143
10         425  0 10 12  4      114
10         435  1 10 12  4       75
10         475  5 10 12  4      114
10         485  6 10 12  4       75
10        1125  0 10 12  4      119
10        1135  1 10 12  4       79
10        1175  5 10 12  4      119
10        1185  6 10 12  4       79
10        1825  0 10 12  4      119
10        1835  1 10 12  4       80
10        1875  5 10 12  4      119
10        1885  6 10 12  4       80
10        2525  0 10 12  4      120
10        2535  1 10 12  4       75
10        2575  5 10 12  4      120
10        2585  6 10 12  4       75
10        3225  0 10 12  4      113
10        3235  1 10 12  4       80
10        3275  5 10 12  4      113
10        3285  6 10 12  4       80
10        3925  0 10 12  4      116
10        3935  1 10 12  4       77
10        3975  5 10 12  4      116
10        3985  6 10 12  4       77
10        4625  0 10 12  4      114
10        4635  1 10 12  4       78
10        4675  5 10 12  4      114
10        4685  6 10 12  4       78
