10          25    10  9999 12  4        0   2
 0          35     0    10 12  4      118   0           0
 1          45     1    10 12  4       80   0           0
 2          55     2    10 12  4      105   1           0
 3          65     3    10 12  4      103   1          25
 4          75     4    10 12  4      143   1           0
 5          85     5    10 12  4      118   0           0
 6          95     6    10 12  4       80   0          25
 7         105     7    10 12  4      105   1           0
 8         115     8    10 12  4      103   1           0
 9         125     9    10 12  4      143   1           0
10         135    10  9999 12  4        0   2
 6         205     6    10 12  4       78   0         135
10         245    10  9999 12  4        0   2
10         355    10  9999 12  4        0   2
10         465    10  9999 12  4        0   2
 5         525     5    10 12  4      111   0         465
 8         555     8    10 12  4      101   1         465
10         575    10  9999 12  4        0   2
10         685    10  9999 12  4        0   2
 5         745     5    10 12  4      116   0         685
 7         765     7    10 12  4       98   0         685
10         795    10  9999 12  4        0   2
10         905    10  9999 12  4        0   2
10        1015    10  9999 12  4        0   2
10        1125    10  9999 12  4        0   2
 3        1165     3    10 12  4      102   1        1125
 4        1175     4    10 12  4      133   0        1125
10        1235    10  9999 12  4        0   2
10        1345    10  9999 12  4        0   2
10        1455    10  9999 12  4        0   2
 5        1515     5    10 12  4      112   0        1455
10        1565    10  9999 12  4        0   2
 9        1665     9    10 12  4      133   0        1565
10        1675    10  9999 12  4        0   2
10        1785    10  9999 12  4        0   2
 6        1855     6    10 12  4       78   0        1785
10        1895    10  9999 12  4        0   2
 2        1925     2    10 12  4      100   0        1895
 7        1975     7    10 12  4      100   0        1895
10        2005    10  9999 12  4        0   2
 8        2095     8    10 12  4       99   0        2005
10        2115    10  9999 12  4        0   2
10        2225    10  9999 12  4        0   2
10        2335    10  9999 12  4        0   2
10        2445    10  9999 12  4        0   2
10        2555    10  9999 12  4        0   2
 3        2595     3    10 12  4      101   1        2555
10        2665    10  9999 12  4        0   2
 0        2675     0    10 12  4      118   0        2665
 3        2705     3    10 12  4       99   0        2665
10        2775    10  9999 12  4        0   2
 1        2795     1    10 12  4       75   0        2775
10        2885    10  9999 12  4        0   2
 0        2895     0    10 12  4      111   0        2885
 4        2935     4    10 12  4      146   1        2885
10        2995    10  9999 12  4        0   2
 1        3015     1    10 12  4       78   0        2995
 6        3065     6    10 12  4       78   0        2995
 7        3075     7    10 12  4       96   0        2995
10        3105    10  9999 12  4        0   2
10        3215    10  9999 12  4        0   2
 2        3245     2    10 12  4       98   0        3215
10        3325    10  9999 12  4        0   2
 8        3415     8    10 12  4      102   1        3325
 9        3425     9    10 12  4      130   0        3325
10        3435    10  9999 12  4        0   2
 4        3485     4    10 12  4      133   0        3435
10        3545    10  9999 12  4        0   2
10        3655    10  9999 12  4        0   2
 2        3685     2    10 12  4       99   0        3655
10        3765    10  9999 12  4        0   2
10        3875    10  9999 12  4        0   2
10        3985    10  9999 12  4        0   2
 1        4005     1    10 12  4       78   0        3985
10        4095    10  9999 12  4        0   2
10        4205    10  9999 12  4        0   2
10        4315    10  9999 12  4        0   2
10        4425    10  9999 12  4        0   2
10        4535    10  9999 12  4        0   2
10        4645    10  9999 12  4        0   2
10        4755    10  9999 12  4        0   2
10        4865    10  9999 12  4        0   2
10        4975    10  9999 12  4        0   2
10        5085    10  9999 12  4        0   2
10        5195    10  9999 12  4        0   2
10        5305    10  9999 12  4        0   2
10        5415    10  9999 12  4        0   2
10        5525    10  9999 12  4        0   2
10        5635    10  9999 12  4        0   2
10        5745    10  9999 12  4        0   2
10        5855    10  9999 12  4        0   2
10        5965    10  9999 12  4        0   2
10        6075    10  9999 12  4        0   2
10        6185    10  9999 12  4        0   2
10        6295    10  9999 12  4        0   2
10        6405    10  9999 12  4        0   2
10        6515    10  9999 12  4        0   2
10        6625    10  9999 12  4        0   2
10        6735    10  9999 12  4        0   2
10        6845    10  9999 12  4        0   2
10        6955    10  9999 12  4        0   2
10        7065    10  9999 12  4        0   2
10        7175    10  9999 12  4        0   2
10        7285    10  9999 12  4        0   2
10        7395    10  9999 12  4        0   2
10        7505    10  9999 12  4        0   2
10        7615    10  9999 12  4        0   2
10        7725    10  9999 12  4        0   2
10        7835    10  9999 12  4        0   2
10        7945    10  9999 12  4        0   2
10        8055    10  9999 12  4        0   2
10        8165    10  9999 12  4        0   2
10        8275    10  9999 12  4        0   2
10        8385    10  9999 12  4        0   2
10        8495    10  9999 12  4        0   2
10        8605    10  9999 12  4        0   2
10        8715    10  9999 12  4        0   2
10        8825    10  9999 12  4        0   2
10        8935    10  9999 12  4        0   2
10        9045    10  9999 12  4        0   2
10        9155    10  9999 12  4        0   2
10        9265    10  9999 12  4        0   2
10        9375    10  9999 12  4        0   2
10        9485    10  9999 12  4        0   2
10        9595    10  9999 12  4        0   2
10        9705    10  9999 12  4        0   2
10        9815    10  9999 12  4        0   2
10        9925    10  9999 12  4        0   2
