 3          25    10  9999 12  4        0   2  -1   0 135
 6          25    10  9999 12  4        0   2  -1   0 135
 6         135    10  9999 12  4        0   2  -1   0 245
 5         465    10  9999 12  4        0   2  -1   0 575
 8         465    10  9999 12  4        0   2  -1   0 575
 5         685    10  9999 12  4        0   2  -1   0 795
 7         685    10  9999 12  4        0   2  -1   0 795
10         745     5    10 12  4      116   0
 3        1125    10  9999 12  4        0   2  -1   0 1235
 4        1125    10  9999 12  4        0   2  -1   0 1235
 5        1455    10  9999 12  4        0   2  -1   0 1565
 9        1565    10  9999 12  4        0   2  -1   0 1675
 6        1785    10  9999 12  4        0   2  -1   0 1895
 2        1895    10  9999 12  4        0   2  -1   0 2005
 7        1895    10  9999 12  4        0   2  -1   0 2005
 8        2005    10  9999 12  4        0   2  -1   0 2115
 3        2555    10  9999 12  4        0   2  -1   0 2665
 0        2665    10  9999 12  4        0   2  -1   0 2775
 3        2665    10  9999 12  4        0   2  -1   0 2775
 1        2775    10  9999 12  4        0   2  -1   0 2885
 0        2885    10  9999 12  4        0   2  -1   0 2995
 4        2885    10  9999 12  4        0   2  -1   0 2995
 1        2995    10  9999 12  4        0   2  -1   0 3105
 6        2995    10  9999 12  4        0   2  -1   0 3105
 7        2995    10  9999 12  4        0   2  -1   0 3105
 2        3215    10  9999 12  4        0   2  -1   0 3325
 8        3325    10  9999 12  4        0   2  -1   0 3435
 9        3325    10  9999 12  4        0   2  -1   0 3435
 3        3435    10  9999 12  4        0   2  -1   0 3545
 4        3435    10  9999 12  4        0   2  -1   0 3545
 2        3655    10  9999 12  4        0   2  -1   0 3765
 6        3765    10  9999 12  4        0   2  -1   0 3875
 7        3875    10  9999 12  4        0   2  -1   0 3985
 1        3985    10  9999 12  4        0   2  -1   0 4095
 7        3985    10  9999 12  4        0   2  -1   0 4095
 1        4095    10  9999 12  4        0   2  -1   0 4205
 4        4095    10  9999 12  4        0   2  -1   0 4205
 3        4205    10  9999 12  4        0   2  -1   0 4315
 0        4535    10  9999 12  4        0   2  -1   0 4645
 8        4645    10  9999 12  4        0   2  -1   0 4755
 0        4755    10  9999 12  4        0   2  -1   0 4865
 9        4755    10  9999 12  4        0   2  -1   0 4865
 0        4865    10  9999 12  4        0   2  -1   0 4975
 4        4865    10  9999 12  4        0   2  -1   0 4975
 9        4975    10  9999 12  4        0   2  -1   0 5085
 0        5085    10  9999 12  4        0   2  -1   0 5195
 9        5085    10  9999 12  4        0   2  -1   0 5195
 4        5415    10  9999 12  4        0   2  -1   0 5525
 7        5415    10  9999 12  4        0   2  -1   0 5525
 2        5745    10  9999 12  4        0   2  -1   0 5855
 2        6075    10  9999 12  4        0   2  -1   0 6185
 3        6075    10  9999 12  4        0   2  -1   0 6185
 7        6295    10  9999 12  4        0   2  -1   0 6405
 8        6295    10  9999 12  4        0   2  -1   0 6405
 4        6405    10  9999 12  4        0   2  -1   0 6515
 2        6515    10  9999 12  4        0   2  -1   0 6625
 7        6625    10  9999 12  4        0   2  -1   0 6735
 4        6735    10  9999 12  4        0   2  -1   0 6845
 0        6845    10  9999 12  4        0   2  -1   0 6955
 3        6955    10  9999 12  4        0   2  -1   0 7065
 7        6955    10  9999 12  4        0   2  -1   0 7065
 0        7065    10  9999 12  4        0   2  -1   0 7175
 2        7175    10  9999 12  4        0   2  -1   0 7285
 4        7175    10  9999 12  4        0   2  -1   0 7285
 6        7175    10  9999 12  4        0   2  -1   0 7285
 3        7395    10  9999 12  4        0   2  -1   0 7505
 8        7505    10  9999 12  4        0   2  -1   0 7615
 0        7615    10  9999 12  4        0   2  -1   0 7725
 1        7615    10  9999 12  4        0   2  -1   0 7725
 4        7615    10  9999 12  4        0   2  -1   0 7725
 0        7725    10  9999 12  4        0   2  -1   0 7835
 8        7725    10  9999 12  4        0   2  -1   0 7835
 3        7835    10  9999 12  4        0   2  -1   0 7945
 5        7835    10  9999 12  4        0   2  -1   0 7945
 1        7945    10  9999 12  4        0   2  -1   0 8055
 4        7945    10  9999 12  4        0   2  -1   0 8055
 7        7945    10  9999 12  4        0   2  -1   0 8055
 9        7945    10  9999 12  4        0   2  -1   0 8055
 5        8275    10  9999 12  4        0   2  -1   0 8385
 9        8275    10  9999 12  4        0   2  -1   0 8385
 0        8385    10  9999 12  4        0   2  -1   0 8495
 4        8385    10  9999 12  4        0   2  -1   0 8495
 9        8385    10  9999 12  4        0   2  -1   0 8495
 3        8495    10  9999 12  4        0   2  -1   0 8605
 4        8495    10  9999 12  4        0   2  -1   0 8605
 6        8605    10  9999 12  4        0   2  -1   0 8715
 9        8825    10  9999 12  4        0   2  -1   0 8935
 7        8935    10  9999 12  4        0   2  -1   0 9045
 2        9155    10  9999 12  4        0   2  -1   0 9265
 6        9155    10  9999 12  4        0   2  -1   0 9265
 4        9375    10  9999 12  4        0   2  -1   0 9485
 2        9485    10  9999 12  4        0   2  -1   0 9595
 8        9485    10  9999 12  4        0   2  -1   0 9595
 3        9705    10  9999 12  4        0   2  -1   0 9815
 1        9815    10  9999 12  4        0   2  -1   0 9925
 8        9815    10  9999 12  4        0   2  -1   0 9925
 0        9925    10  9999 12  4        0   2  -1   0 10035
 3        9925    10  9999 12  4        0   2  -1   0 10035
