 0          25  0 15 12  4      118
 1          35  1 15 12  4       80
 2          45  2 15 12  4      105
 3          55  3 15 12  4      103
 4          65  4 15 12  4      143
 5          75  5 15 12  4      118
 6          85  6 15 12  4       80
 7          95  7 15 12  4      105
 8         105  8 15 12  4      103
 9         115  9 15 12  4      143
10         125 10 15 12  4      118
11         135 11 15 12  4       80
12         145 12 15 12  4      105
13         155 13 15 12  4      103
14         165 14 15 12  4      143
 0         175  0 15 12  4      116
 1         185  1 15 12  4       78
 2         195  2 15 12  4      102
 3         205  3 15 12  4      100
 4         215  4 15 12  4      145
 5         225  5 15 12  4      116
 6         235  6 15 12  4       78
 7         245  7 15 12  4      102
 8         255  8 15 12  4      100
 9         265  9 15 12  4      145
10         275 10 15 12  4      116
11         285 11 15 12  4       78
12         295 12 15 12  4      102
13         305 13 15 12  4      100
14         315 14 15 12  4      145
 0         325  0 15 12  4      114
 1         335  1 15 12  4       75
 2         345  2 15 12  4       96
 3         355  3 15 12  4       99
 4         365  4 15 12  4      136
 5         375  5 15 12  4      114
 6         385  6 15 12  4       75
 7         395  7 15 12  4       96
 8         405  8 15 12  4       99
 9         415  9 15 12  4      136
10         425 10 15 12  4      114
11         435 11 15 12  4       75
12         445 12 15 12  4       96
13         455 13 15 12  4       99
14         465 14 15 12  4      136
 0         475  0 15 12  4      114
 1         485  1 15 12  4       77
 2         495  2 15 12  4       95
 3         505  3 15 12  4      103
 4         515  4 15 12  4      140
 5         525  5 15 12  4      114
 6         535  6 15 12  4       77
 7         545  7 15 12  4       95
 8         555  8 15 12  4      103
 9         565  9 15 12  4      140
10         575 10 15 12  4      114
11         585 11 15 12  4       77
12         595 12 15 12  4       95
13         605 13 15 12  4      103
14         615 14 15 12  4      140
 0         625  0 15 12  4      111
 1         635  1 15 12  4       78
 2         645  2 15 12  4      104
 3         655  3 15 12  4      101
 4         665  4 15 12  4      143
 5         675  5 15 12  4      111
 6         685  6 15 12  4       78
 7         695  7 15 12  4      104
 8         705  8 15 12  4      101
 9         715  9 15 12  4      143
10         725 10 15 12  4      111
11         735 11 15 12  4       78
12         745 12 15 12  4      104
13         755 13 15 12  4      101
14         765 14 15 12  4      143
 0         775  0 15 12  4      120
 1         785  1 15 12  4       76
 2         795  2 15 12  4       95
 3         805  3 15 12  4      100
 4         815  4 15 12  4      142
 5         825  5 15 12  4      120
 6         835  6 15 12  4       76
 7         845  7 15 12  4       95
 8         855  8 15 12  4      100
 9         865  9 15 12  4      142
10         875 10 15 12  4      120
11         885 11 15 12  4       76
12         895 12 15 12  4       95
13         905 13 15 12  4      100
14         915 14 15 12  4      142
 0         925  0 15 12  4      116
 1         935  1 15 12  4       75
 2         945  2 15 12  4       98
 3         955  3 15 12  4      101
 4         965  4 15 12  4      139
 5         975  5 15 12  4      116
 6         985  6 15 12  4       75
 7         995  7 15 12  4       98
 8        1005  8 15 12  4      101
 9        1015  9 15 12  4      139
10        1025 10 15 12  4      116
11        1035 11 15 12  4       75
12        1045 12 15 12  4       98
13        1055 13 15 12  4      101
14        1065 14 15 12  4      139
 0        1075  0 15 12  4      116
 1        1085  1 15 12  4       78
 2        1095  2 15 12  4       99
 3        1105  3 15 12  4      100
 4        1115  4 15 12  4      136
 5        1125  5 15 12  4      116
 6        1135  6 15 12  4       78
 7        1145  7 15 12  4       99
 8        1155  8 15 12  4      100
 9        1165  9 15 12  4      136
10        1175 10 15 12  4      116
11        1185 11 15 12  4       78
12        1195 12 15 12  4       99
13        1205 13 15 12  4      100
14        1215 14 15 12  4      136
 0        1225  0 15 12  4      119
 1        1235  1 15 12  4       77
 2        1245  2 15 12  4      102
 3        1255  3 15 12  4      100
 4        1265  4 15 12  4      136
 5        1275  5 15 12  4      119
 6        1285  6 15 12  4       77
 7        1295  7 15 12  4      102
 8        1305  8 15 12  4      100
 9        1315  9 15 12  4      136
10        1325 10 15 12  4      119
11        1335 11 15 12  4       77
12        1345 12 15 12  4      102
13        1355 13 15 12  4      100
14        1365 14 15 12  4      136
 0        1375  0 15 12  4      110
 1        1385  1 15 12  4       79
 2        1395  2 15 12  4       97
 3        1405  3 15 12  4      103
 4        1415  4 15 12  4      136
 5        1425  5 15 12  4      110
 6        1435  6 15 12  4       79
 7        1445  7 15 12  4       97
 8        1455  8 15 12  4      103
 9        1465  9 15 12  4      136
10        1475 10 15 12  4      110
11        1485 11 15 12  4       79
12        1495 12 15 12  4       97
13        1505 13 15 12  4      103
14        1515 14 15 12  4      136
 0        1525  0 15 12  4      120
 1        1535  1 15 12  4       78
 2        1545  2 15 12  4      105
 3        1555  3 15 12  4      102
 4        1565  4 15 12  4      143
 5        1575  5 15 12  4      120
 6        1585  6 15 12  4       78
 7        1595  7 15 12  4      105
 8        1605  8 15 12  4      102
 9        1615  9 15 12  4      143
10        1625 10 15 12  4      120
11        1635 11 15 12  4       78
12        1645 12 15 12  4      105
13        1655 13 15 12  4      102
14        1665 14 15 12  4      143
 0        1675  0 15 12  4      110
 1        1685  1 15 12  4       79
 2        1695  2 15 12  4      105
 3        1705  3 15 12  4      102
 4        1715  4 15 12  4      150
 5        1725  5 15 12  4      110
 6        1735  6 15 12  4       79
 7        1745  7 15 12  4      105
 8        1755  8 15 12  4      102
 9        1765  9 15 12  4      150
10        1775 10 15 12  4      110
11        1785 11 15 12  4       79
12        1795 12 15 12  4      105
13        1805 13 15 12  4      102
14        1815 14 15 12  4      150
 0        1825  0 15 12  4      115
 1        1835  1 15 12  4       78
 2        1845  2 15 12  4      101
 3        1855  3 15 12  4      103
 4        1865  4 15 12  4      147
 5        1875  5 15 12  4      115
 6        1885  6 15 12  4       78
 7        1895  7 15 12  4      101
 8        1905  8 15 12  4      103
 9        1915  9 15 12  4      147
10        1925 10 15 12  4      115
11        1935 11 15 12  4       78
12        1945 12 15 12  4      101
13        1955 13 15 12  4      103
14        1965 14 15 12  4      147
