15          35  1 15 12  4       80
15          65  4 15 12  4      143
15         195  2 15 12  4      102
15         325  0 15 12  4      114
15         495  2 15 12  4       95
15         605 13 15 12  4      103
15         615 14 15 12  4      140
15         685  6 15 12  4       78
15         795  2 15 12  4       95
15         915 14 15 12  4      142
15         935  1 15 12  4       75
15         945  2 15 12  4       98
15         985  6 15 12  4       75
15        1025 10 15 12  4      116
15        1055 13 15 12  4      101
15        1075  0 15 12  4      116
15        1225  0 15 12  4      119
15        1275  5 15 12  4      119
15        1295  7 15 12  4      102
15        1355 13 15 12  4      100
15        1455  8 15 12  4      103
15        1525  0 15 12  4      120
15        1535  1 15 12  4       78
15        1655 13 15 12  4      102
15        1685  1 15 12  4       79
15        1695  2 15 12  4      105
